0.726 0.301 -0.618 200
0.845 -0.502 -0.186 200
-0.47 -0.855 0.221 200
0.467 -0.009 -0.884 200
0.797 0.162 0.582 200
-0.856 -0.481 0.189 200
0.013 0.998 -0.056 200
-0.018 0.871 -0.491 200
-0.683 0.255 -0.684 200
-0.552 0.79 -0.267 200
0.049 -0.919 -0.391 200
-0.73 -0.619 -0.288 200
-0.472 0.85 0.234 200
-0.341 -0.788 -0.512 200
-0.848 0.141 0.51 200
0.412 0.4 0.819 200
-0.123 -0.477 0.871 200
0.361 -0.529 0.768 200
-0.444 0.494 0.747 200
-0.989 -0.086 -0.116 200
-0.051 0.039 0.998 200
0.726 0.301 -0.618 1000
0.845 -0.502 -0.186 1000
-0.47 -0.855 0.221 1000
0.467 -0.009 -0.884 1000
0.797 0.162 0.582 1000
-0.856 -0.481 0.189 1000
0.013 0.998 -0.056 1000
-0.018 0.871 -0.491 1000
-0.683 0.255 -0.684 1000
-0.552 0.79 -0.267 1000
0.049 -0.919 -0.391 1000
-0.73 -0.619 -0.288 1000
-0.472 0.85 0.234 1000
-0.341 -0.788 -0.512 1000
-0.848 0.141 0.51 1000
0.412 0.4 0.819 1000
-0.123 -0.477 0.871 1000
0.361 -0.529 0.768 1000
-0.444 0.494 0.747 1000
-0.989 -0.086 -0.116 1000
-0.051 0.039 0.998 1000
